0 0.502404 0.350962 0.048077 0.062500
0 0.532452 0.430288 0.108173 0.052885
0 0.794471 0.656250 0.112981 0.062500
0 0.436298 0.858173 0.040865 0.052885
0 0.756010 0.866587 0.050481 0.084135
0 0.736779 0.721154 0.084135 0.038462
0 0.454327 0.585337 0.038462 0.064904
0 0.245192 0.347356 0.052885 0.069712
0 0.080529 0.731971 0.050481 0.060096
0 0.123798 0.793269 0.103365 0.043269
0 0.468750 0.657452 0.057692 0.055288
0 0.792067 0.508413 0.064904 0.055288
0 0.042067 0.656250 0.074519 0.052885
0 0.896635 0.575721 0.033654 0.045673
0 0.128606 0.332933 0.161058 0.031250
0 0.150240 0.491587 0.040865 0.031250
0 0.030048 0.417067 0.050481 0.036058
