0 0.486779 0.324519 0.382212 0.091346
0 0.832933 0.312500 0.271635 0.062500
0 0.706731 0.463942 0.144231 0.062500
0 0.163462 0.487981 0.312500 0.125000
0 0.152644 0.300481 0.286058 0.052885
0 0.027644 0.372596 0.050481 0.076923
0 0.125000 0.171875 0.192308 0.074519
0 0.258413 0.193510 0.060096 0.127404
0 0.552885 0.168269 0.264423 0.081731
0 0.853365 0.149038 0.288462 0.057692
0 0.518029 0.033654 0.108173 0.052885
0 0.140625 0.030048 0.266827 0.055288
0 0.893029 0.448317 0.199519 0.045673
0 0.929087 0.632212 0.117788 0.120192
0 0.776442 0.604567 0.187500 0.036058
0 0.165865 0.598558 0.298077 0.062500
0 0.735577 0.848558 0.086538 0.086538
0 0.674279 0.944712 0.112981 0.086538
0 0.156250 0.945913 0.062500 0.093750
0 0.203125 0.867788 0.093750 0.062500
0 0.849760 0.777644 0.165865 0.060096
