0 0.052885 0.254808 0.100962 0.076923
0 0.060096 0.397837 0.105769 0.055288
0 0.425481 0.572115 0.052885 0.081731
0 0.537260 0.650240 0.074519 0.060096
0 0.795673 0.569712 0.067308 0.076923
0 0.780048 0.401442 0.108173 0.067308
0 0.915865 0.655048 0.168269 0.064904
0 0.855769 0.725962 0.139423 0.057692
0 0.801683 0.794471 0.137019 0.064904
0 0.500000 0.795673 0.139423 0.076923
0 0.688702 0.383413 0.069712 0.045673
0 0.713942 0.289663 0.086538 0.050481
0 0.485577 0.144231 0.216346 0.100962
0 0.092548 0.109375 0.180288 0.064904
0 0.798077 0.141827 0.384615 0.072115
0 0.905048 0.551683 0.137019 0.036058
