0 0.835337 0.439904 0.127404 0.076923
0 0.054087 0.616587 0.040865 0.060096
0 0.063702 0.802885 0.108173 0.048077
0 0.893029 0.799279 0.050481 0.060096
0 0.771635 0.344952 0.043269 0.055288
0 0.929087 0.325721 0.064904 0.088942
0 0.610577 0.629808 0.173077 0.062500
0 0.861779 0.715144 0.112981 0.060096
0 0.257212 0.718750 0.317308 0.067308
0 0.207933 0.807692 0.161058 0.052885
0 0.472356 0.804087 0.108173 0.060096
0 0.049279 0.897837 0.064904 0.064904
0 0.895433 0.627404 0.045673 0.062500
0 0.730769 0.628606 0.048077 0.060096
