0 0.349760 0.388221 0.079327 0.074519
0 0.558894 0.385817 0.069712 0.074519
0 0.875000 0.382212 0.250000 0.067308
0 0.576923 0.308894 0.076923 0.064904
0 0.097356 0.387019 0.055288 0.081731
0 0.335337 0.567308 0.060096 0.091346
0 0.669471 0.567308 0.069712 0.086538
0 0.561298 0.740385 0.074519 0.062500
0 0.421875 0.741587 0.122596 0.060096
0 0.188702 0.825721 0.060096 0.093750
0 0.253606 0.852163 0.064904 0.050481
0 0.144231 0.746394 0.057692 0.055288
0 0.205529 0.652644 0.074519 0.064904
0 0.037260 0.735577 0.069712 0.033654
0 0.932692 0.658654 0.134615 0.057692
0 0.938702 0.716346 0.060096 0.067308
0 0.836538 0.842548 0.139423 0.060096
0 0.704327 0.643029 0.129808 0.045673
