0 0.433894 0.429087 0.074519 0.036058
0 0.587740 0.689904 0.079327 0.048077
0 0.842548 0.598558 0.074519 0.057692
0 0.974760 0.616587 0.045673 0.079327
0 0.795673 0.686298 0.076923 0.040865
0 0.514423 0.768029 0.158654 0.021635
0 0.167067 0.794471 0.045673 0.069712
0 0.115385 0.334135 0.187500 0.038462
0 0.014423 0.450721 0.024038 0.093750
0 0.070913 0.586538 0.064904 0.043269
0 0.856971 0.265625 0.276442 0.040865
0 0.546875 0.251202 0.329327 0.026442
0 0.974760 0.436298 0.040865 0.031250
0 0.965144 0.524038 0.036058 0.062500
