0 0.776442 0.673077 0.149038 0.052885
0 0.396635 0.587740 0.052885 0.045673
0 0.545673 0.489183 0.081731 0.064904
0 0.692308 0.484375 0.100962 0.064904
0 0.890625 0.483173 0.088942 0.067308
0 0.332933 0.324519 0.055288 0.081731
0 0.079327 0.765625 0.105769 0.045673
0 0.138221 0.866587 0.040865 0.074519
0 0.637019 0.763221 0.197115 0.040865
0 0.242788 0.400240 0.283654 0.040865
0 0.932692 0.866587 0.038462 0.079327
0 0.975962 0.417067 0.048077 0.074519
0 0.070913 0.331731 0.050481 0.067308
0 0.048077 0.590144 0.048077 0.040865
