0 0.335337 0.135817 0.045673 0.117788
0 0.366587 0.258413 0.079327 0.069712
0 0.531250 0.256010 0.048077 0.074519
0 0.331731 0.441106 0.072115 0.079327
0 0.097356 0.443510 0.084135 0.084135
0 0.453125 0.542067 0.108173 0.079327
0 0.746394 0.540865 0.084135 0.076923
0 0.486779 0.623798 0.036058 0.045673
0 0.372596 0.777644 0.139423 0.045673
0 0.146635 0.778846 0.091346 0.048077
0 0.859375 0.694712 0.040865 0.067308
0 0.388221 0.856971 0.031250 0.064904
0 0.206731 0.858173 0.048077 0.067308
0 0.127404 0.860577 0.028846 0.067308
0 0.167067 0.691106 0.122596 0.026442
0 0.777644 0.418269 0.305288 0.028846
0 0.566106 0.849760 0.036058 0.069712
0 0.450721 0.853365 0.021635 0.067308
0 0.018029 0.781250 0.031250 0.052885
