0 0.266827 0.236779 0.192308 0.060096
0 0.268029 0.377404 0.074519 0.057692
0 0.563702 0.376202 0.338942 0.045673
0 0.905048 0.375000 0.180288 0.052885
0 0.966346 0.246394 0.052885 0.074519
0 0.781250 0.242788 0.105769 0.067308
0 0.890625 0.228365 0.093750 0.033654
0 0.520433 0.239183 0.127404 0.055288
0 0.498798 0.516827 0.074519 0.086538
0 0.413462 0.492788 0.091346 0.043269
0 0.731971 0.502404 0.204327 0.057692
0 0.705529 0.610577 0.093750 0.048077
0 0.394231 0.610577 0.163462 0.048077
0 0.230769 0.604567 0.076923 0.036058
0 0.240385 0.723558 0.250000 0.028846
0 0.929087 0.731971 0.141827 0.045673
0 0.807692 0.735577 0.048077 0.052885
0 0.861779 0.836538 0.117788 0.033654
0 0.972356 0.838942 0.050481 0.043269
0 0.743990 0.838942 0.055288 0.038462
0 0.447115 0.834135 0.086538 0.038462
0 0.437500 0.929087 0.105769 0.040865
0 0.145433 0.365385 0.103365 0.038462
0 0.131010 0.608173 0.060096 0.052885
0 0.550481 0.927885 0.076923 0.033654
0 0.699519 0.927885 0.067308 0.038462
0 0.884615 0.937500 0.110577 0.033654
