0 0.742788 0.349760 0.067308 0.079327
0 0.391827 0.432692 0.076923 0.043269
0 0.491587 0.436298 0.045673 0.050481
0 0.588942 0.433894 0.038462 0.050481
0 0.626202 0.503606 0.045673 0.055288
0 0.717548 0.506010 0.069712 0.050481
0 0.258413 0.507212 0.079327 0.048077
0 0.235577 0.431490 0.033654 0.060096
0 0.161058 0.503606 0.043269 0.055288
0 0.143029 0.579327 0.079327 0.057692
0 0.313702 0.653846 0.117788 0.052885
0 0.612981 0.651442 0.057692 0.062500
0 0.899038 0.646635 0.072115 0.057692
0 0.588942 0.768029 0.153846 0.060096
0 0.223558 0.179087 0.201923 0.103365
0 0.477163 0.168269 0.281250 0.096154
0 0.826923 0.171875 0.177885 0.093750
0 0.427885 0.338942 0.057692 0.062500
0 0.342548 0.323317 0.112981 0.036058
