0 0.146635 0.284856 0.283654 0.069712
0 0.058894 0.159856 0.112981 0.079327
0 0.449519 0.145433 0.418269 0.055288
0 0.860577 0.147837 0.259615 0.060096
0 0.766827 0.301683 0.062500 0.098558
0 0.698317 0.521635 0.064904 0.110577
0 0.838942 0.412260 0.072115 0.098558
0 0.834135 0.528846 0.096154 0.100962
0 0.757212 0.730769 0.076923 0.072115
0 0.655048 0.728365 0.036058 0.067308
0 0.802885 0.820913 0.057692 0.084135
0 0.532452 0.822115 0.050481 0.096154
0 0.237981 0.558894 0.269231 0.079327
0 0.343750 0.463942 0.067308 0.096154
0 0.097356 0.367788 0.064904 0.072115
0 0.108173 0.713942 0.072115 0.062500
0 0.055288 0.811298 0.067308 0.098558
0 0.182692 0.140625 0.115385 0.045673
0 0.746394 0.641827 0.031250 0.105769
