0 0.766827 0.519231 0.461538 0.062500
0 0.377404 0.640625 0.740385 0.045673
0 0.066106 0.501202 0.112981 0.036058
0 0.356971 0.501202 0.338942 0.031250
0 0.067308 0.396635 0.120192 0.043269
0 0.478365 0.408654 0.144231 0.043269
0 0.378606 0.296875 0.228365 0.026442
0 0.600962 0.406250 0.067308 0.028846
0 0.332933 0.400240 0.093750 0.036058
0 0.748798 0.409856 0.064904 0.045673
0 0.373798 0.853365 0.271635 0.043269
0 0.794471 0.846154 0.242788 0.024038
0 0.972356 0.317308 0.050481 0.028846
0 0.650240 0.302885 0.079327 0.028846
0 0.340144 0.228365 0.305288 0.043269
