0 0.734375 0.334135 0.117788 0.134615
0 0.650240 0.600962 0.161058 0.110577
0 0.635817 0.722356 0.069712 0.093750
0 0.500000 0.721154 0.076923 0.096154
0 0.915865 0.724760 0.163462 0.108173
0 0.338942 0.808894 0.115385 0.050481
0 0.534856 0.820913 0.098558 0.060096
0 0.233173 0.846154 0.110577 0.033654
0 0.078125 0.455529 0.146635 0.079327
0 0.174279 0.336538 0.055288 0.139423
0 0.444712 0.334135 0.052885 0.153846
0 0.360577 0.188702 0.139423 0.122596
0 0.408654 0.062500 0.081731 0.110577
0 0.985577 0.608173 0.024038 0.120192
0 0.028846 0.603365 0.052885 0.120192
0 0.900240 0.812500 0.137019 0.052885
