0 0.025240 0.414663 0.045673 0.122596
0 0.084135 0.400240 0.052885 0.103365
0 0.150240 0.377404 0.064904 0.067308
0 0.314904 0.477163 0.043269 0.074519
0 0.069712 0.612981 0.115385 0.057692
0 0.768029 0.655048 0.151442 0.074519
0 0.381010 0.742788 0.079327 0.062500
0 0.711538 0.566106 0.052885 0.069712
0 0.837740 0.567308 0.036058 0.076923
0 0.679087 0.382212 0.050481 0.072115
0 0.883413 0.38460 0.036058 0.062500
0 0.981971 0.741587 0.031250 0.060096
0 0.277644 0.820913 0.040865 0.088942
0 0.438702 0.44710 0.084135 0.033654
0 0.427885 0.383413 0.033654 0.064904
