0 0.497596 0.362981 0.110577 0.048077
0 0.485577 0.525240 0.125000 0.060096
0 0.673077 0.515625 0.230769 0.036058
0 0.859375 0.527644 0.127404 0.045673
0 0.765625 0.631010 0.084135 0.036058
0 0.159856 0.704327 0.112981 0.052885
0 0.114183 0.543269 0.084135 0.081731
0 0.159856 0.766827 0.122596 0.038462
0 0.049279 0.753606 0.060096 0.074519
0 0.132212 0.846154 0.067308 0.048077
0 0.585337 0.849760 0.040865 0.064904
0 0.508413 0.849760 0.031250 0.055288
0 0.790865 0.853365 0.033654 0.072115
0 0.925481 0.637019 0.028846 0.052885
0 0.794471 0.772837 0.021635 0.045673
0 0.935096 0.372596 0.033654 0.081731
0 0.262019 0.342548 0.341346 0.031250
0 0.561298 0.246394 0.098558 0.055288
