0 0.111779 0.270433 0.093750 0.074519
0 0.390625 0.399038 0.098558 0.076923
0 0.441106 0.496394 0.055288 0.064904
0 0.104567 0.634615 0.060096 0.125000
0 0.263221 0.667067 0.050481 0.084135
0 0.456731 0.665865 0.096154 0.081731
0 0.735577 0.581731 0.134615 0.057692
0 0.961538 0.578125 0.076923 0.069712
0 0.835337 0.665865 0.074519 0.072115
0 0.693510 0.790865 0.170673 0.139423
0 0.960337 0.792067 0.079327 0.132212
0 0.848558 0.829327 0.144231 0.062500
0 0.717548 0.260817 0.233173 0.050481
0 0.206731 0.735577 0.057692 0.048077
0 0.741587 0.693510 0.108173 0.040865
