0 0.668269 0.437500 0.153846 0.072115
0 0.420673 0.521635 0.096154 0.048077
0 0.412260 0.433894 0.050481 0.079327
0 0.407452 0.215144 0.074519 0.122596
0 0.917067 0.437500 0.055288 0.076923
0 0.663462 0.817308 0.052885 0.072115
0 0.358173 0.812500 0.048077 0.081731
0 0.751202 0.819712 0.026442 0.076923
0 0.027644 0.811298 0.045673 0.074519
0 0.168269 0.336538 0.038462 0.076923
0 0.180288 0.503606 0.067308 0.040865
0 0.090144 0.594952 0.050481 0.064904
0 0.403846 0.730769 0.072115 0.048077
0 0.763221 0.588942 0.055288 0.033654
0 0.640625 0.585337 0.050481 0.026442
0 0.800481 0.671875 0.043269 0.040865
0 0.808894 0.329327 0.050481 0.057692
0 0.730769 0.328125 0.096154 0.040865
0 0.862981 0.516827 0.134615 0.028846
0 0.665865 0.508413 0.072115 0.026442
