0 0.313702 0.350962 0.040865 0.048077
0 0.212740 0.427885 0.074519 0.038462
0 0.054087 0.430288 0.103365 0.038462
0 0.655048 0.509615 0.045673 0.062500
0 0.580529 0.570913 0.387019 0.031250
0 0.695913 0.431490 0.050481 0.064904
0 0.763221 0.430288 0.050481 0.062500
0 0.584135 0.729567 0.072115 0.055288
0 0.586538 0.840144 0.096154 0.084135
0 0.498798 0.828125 0.084135 0.045673
0 0.325721 0.848558 0.079327 0.086538
0 0.042067 0.835337 0.050481 0.036058
0 0.132212 0.652644 0.076923 0.026442
0 0.414663 0.643029 0.146635 0.021635
0 0.442308 0.506010 0.038462 0.040865
