0 0.524038 0.281250 0.269231 0.096154
0 0.872596 0.168269 0.221154 0.105769
0 0.146635 0.274038 0.144231 0.091346
0 0.451923 0.377404 0.158654 0.091346
0 0.890625 0.383413 0.146635 0.088942
0 0.554087 0.474760 0.079327 0.079327
0 0.558894 0.659856 0.180288 0.088942
0 0.159856 0.662260 0.122596 0.079327
0 0.870192 0.661058 0.115385 0.091346
0 0.038462 0.140625 0.072115 0.108173
0 0.891827 0.456731 0.139423 0.052885
0 0.477163 0.542067 0.084135 0.045673
0 0.478365 0.498798 0.072115 0.036058
0 0.199519 0.548077 0.072115 0.052885
0 0.633413 0.454327 0.069712 0.043269
0 0.699519 0.358173 0.062500 0.043269
