0 0.485577 0.366587 0.110577 0.069712
0 0.189904 0.353365 0.201923 0.048077
0 0.105769 0.862981 0.052885 0.086538
0 0.509615 0.760817 0.038462 0.050481
0 0.593750 0.854567 0.048077 0.074519
0 0.908654 0.766827 0.062500 0.052885
0 0.269231 0.268029 0.038462 0.069712
0 0.836538 0.246394 0.096154 0.055288
0 0.631010 0.239183 0.103365 0.050481
0 0.454327 0.185096 0.177885 0.033654
0 0.610577 0.336538 0.096154 0.038462
0 0.205529 0.441106 0.180288 0.040865
0 0.186298 0.683894 0.060096 0.055288
0 0.534856 0.269231 0.036058 0.072115
