0 0.492788 0.087740 0.490385 0.093750
0 0.306490 0.253606 0.045673 0.084135
0 0.167067 0.442308 0.137019 0.076923
0 0.078125 0.608173 0.146635 0.057692
0 0.463942 0.606971 0.500000 0.055288
0 0.519231 0.663462 0.389423 0.038462
0 0.317308 0.731971 0.235577 0.069712
0 0.088942 0.531250 0.067308 0.057692
0 0.241587 0.528846 0.040865 0.057692
0 0.432692 0.524038 0.067308 0.072115
0 0.427885 0.331731 0.076923 0.048077
0 0.205529 0.342548 0.055288 0.055288
0 0.695913 0.432692 0.060096 0.076923
0 0.707933 0.342548 0.060096 0.074519
0 0.860577 0.381010 0.043269 0.064904
0 0.949519 0.716346 0.091346 0.072115
0 0.103365 0.087740 0.201923 0.069712
