0 0.419471 0.278846 0.055288 0.072115
0 0.747596 0.264423 0.081731 0.043269
0 0.581731 0.343750 0.153846 0.038462
0 0.490385 0.429087 0.052885 0.064904
0 0.381010 0.431490 0.060096 0.069712
0 0.019231 0.426683 0.033654 0.074519
0 0.421875 0.586538 0.161058 0.052885
0 0.228365 0.644231 0.086538 0.052885
0 0.606971 0.661058 0.055288 0.076923
0 0.951923 0.551683 0.096154 0.050481
0 0.757212 0.353365 0.028846 0.052885
0 0.618990 0.407452 0.165865 0.026442
0 0.653846 0.498798 0.187500 0.036058
0 0.344952 0.717548 0.064904 0.031250
0 0.276442 0.268029 0.038462 0.050481
0 0.200721 0.412260 0.300481 0.031250
0 0.980769 0.808894 0.038462 0.098558
