0 0.455529 0.217548 0.112981 0.146635
0 0.385817 0.397837 0.050481 0.141827
0 0.812500 0.557692 0.062500 0.129808
0 0.942308 0.487981 0.057692 0.129808
0 0.843750 0.794471 0.048077 0.079327
0 0.635817 0.817308 0.036058 0.125000
0 0.798077 0.213942 0.043269 0.168269
0 0.658654 0.216346 0.052885 0.168269
0 0.376202 0.048077 0.055288 0.091346
0 0.507212 0.061298 0.076923 0.069712
0 0.263221 0.048077 0.055288 0.091346
0 0.103365 0.525240 0.048077 0.036058
0 0.629808 0.700721 0.043269 0.055288
0 0.020433 0.825721 0.036058 0.146635
