0 0.531250 0.211538 0.125000 0.081731
0 0.109375 0.230769 0.108173 0.120192
0 0.274038 0.235577 0.057692 0.105769
0 0.432692 0.502404 0.096154 0.105769
0 0.545673 0.504808 0.052885 0.110577
0 0.266827 0.737981 0.048077 0.096154
0 0.361779 0.717548 0.122596 0.050481
0 0.705529 0.731971 0.180288 0.069712
0 0.762019 0.895433 0.081731 0.146635
0 0.438702 0.858173 0.146635 0.105769
0 0.927885 0.896635 0.120192 0.153846
0 0.213942 0.882212 0.091346 0.153846
0 0.314904 0.841346 0.105769 0.072115
0 0.084135 0.828125 0.158654 0.060096
0 0.438702 0.334135 0.175481 0.067308
0 0.088942 0.915865 0.043269 0.062500
0 0.651442 0.848558 0.129808 0.062500
