0 0.349760 0.469952 0.055288 0.026442
0 0.501202 0.644231 0.069712 0.067308
0 0.731971 0.649038 0.050481 0.062500
0 0.822115 0.643029 0.052885 0.074519
0 0.668269 0.719952 0.062500 0.055288
0 0.584135 0.719952 0.038462 0.060096
0 0.950721 0.728365 0.093750 0.043269
0 0.968750 0.520433 0.057692 0.031250
0 0.885817 0.295673 0.228365 0.028846
0 0.495192 0.408654 0.024038 0.062500
0 0.289663 0.552885 0.084135 0.024038
0 0.064904 0.669471 0.057692 0.040865
0 0.253606 0.721154 0.036058 0.052885
0 0.042067 0.492788 0.060096 0.043269
0 0.242788 0.467548 0.067308 0.031250
0 0.395433 0.301683 0.045673 0.045673
0 0.473558 0.305288 0.028846 0.038462
