0 0.527644 0.353365 0.122596 0.100962
0 0.770433 0.355769 0.117788 0.076923
0 0.183894 0.257212 0.112981 0.081731
0 0.067308 0.354567 0.076923 0.074519
0 0.042067 0.425481 0.069712 0.057692
0 0.037260 0.610577 0.055288 0.081731
0 0.370192 0.520433 0.206731 0.045673
0 0.265625 0.784856 0.108173 0.064904
0 0.926683 0.805288 0.098558 0.096154
0 0.677885 0.520433 0.346154 0.040865
0 0.526442 0.248798 0.177885 0.045673
0 0.947115 0.252404 0.105769 0.038462
0 0.750000 0.186298 0.120192 0.055288
0 0.524038 0.170673 0.182692 0.033654
0 0.241587 0.598558 0.180288 0.033654
