0 0.354567 0.257212 0.281250 0.086538
0 0.882212 0.265625 0.134615 0.079327
0 0.915865 0.364183 0.096154 0.079327
0 0.792067 0.438702 0.069712 0.050481
0 0.920673 0.432692 0.158654 0.043269
0 0.635817 0.555288 0.045673 0.076923
0 0.514423 0.552885 0.052885 0.067308
0 0.228365 0.549279 0.086538 0.074519
0 0.225962 0.358173 0.048077 0.076923
0 0.143029 0.347356 0.045673 0.060096
0 0.115385 0.262019 0.086538 0.081731
0 0.330529 0.155048 0.050481 0.084135
0 0.153846 0.139423 0.072115 0.110577
0 0.362981 0.776442 0.125000 0.076923
0 0.723558 0.783654 0.048077 0.057692
0 0.346154 0.615385 0.158654 0.033654
0 0.277644 0.704327 0.074519 0.043269
0 0.530048 0.719952 0.108173 0.040865
0 0.179087 0.618990 0.064904 0.055288
0 0.884615 0.716346 0.038462 0.052885
0 0.949519 0.104567 0.096154 0.093750
