0 0.275240 0.432692 0.194712 0.038462
0 0.870192 0.266827 0.125000 0.057692
0 0.968750 0.256010 0.057692 0.040865
0 0.284856 0.272837 0.045673 0.064904
0 0.028846 0.441106 0.043269 0.050481
0 0.033654 0.537260 0.062500 0.074519
0 0.445913 0.516827 0.156250 0.038462
0 0.656250 0.527644 0.048077 0.074519
0 0.881010 0.346154 0.204327 0.038462
0 0.536058 0.431490 0.288462 0.036058
0 0.769231 0.606971 0.033654 0.064904
0 0.963942 0.519231 0.072115 0.062500
0 0.049279 0.782452 0.088942 0.088942
0 0.754808 0.777644 0.057692 0.093750
0 0.206731 0.510817 0.250000 0.031250
0 0.141827 0.254808 0.115385 0.033654
0 0.473558 0.269231 0.028846 0.062500
0 0.597356 0.269231 0.031250 0.062500
0 0.745192 0.254808 0.115385 0.028846
