0 0.662260 0.539663 0.074519 0.050481
0 0.943510 0.537260 0.045673 0.055288
0 0.673077 0.763221 0.067308 0.050481
0 0.826923 0.760817 0.067308 0.045673
0 0.270433 0.621394 0.069712 0.074519
0 0.192308 0.699519 0.120192 0.038462
0 0.400240 0.760817 0.088942 0.050481
0 0.701923 0.855769 0.110577 0.086538
0 0.866587 0.856971 0.084135 0.084135
0 0.963942 0.616587 0.057692 0.050481
0 0.084135 0.405048 0.038462 0.064904
0 0.088942 0.472356 0.129808 0.036058
0 0.102163 0.872596 0.036058 0.052885
0 0.628606 0.390625 0.175481 0.036058
0 0.743990 0.396635 0.031250 0.048077
0 0.830529 0.387019 0.117788 0.024038
0 0.368990 0.539663 0.026442 0.060096
0 0.503606 0.526442 0.223558 0.033654
0 0.210337 0.526442 0.276442 0.028846
0 0.618990 0.699519 0.069712 0.038462
0 0.659856 0.627404 0.060096 0.067308
0 0.074519 0.635817 0.033654 0.050481
