0 0.281250 0.322115 0.120192 0.076923
0 0.656250 0.415865 0.052885 0.086538
0 0.674279 0.508413 0.036058 0.074519
0 0.614183 0.598558 0.093750 0.067308
0 0.490385 0.602163 0.086538 0.074519
0 0.581731 0.689904 0.072115 0.076923
0 0.752404 0.685096 0.072115 0.076923
0 0.453125 0.782452 0.064904 0.084135
0 0.942308 0.789663 0.038462 0.093750
0 0.080529 0.593750 0.069712 0.076923
0 0.063702 0.508413 0.117788 0.074519
0 0.250000 0.391827 0.149038 0.038462
0 0.872596 0.278846 0.110577 0.105769
0 0.704327 0.289663 0.057692 0.093750
0 0.778846 0.304087 0.067308 0.050481
0 0.794471 0.487981 0.060096 0.043269
0 0.103365 0.783654 0.038462 0.086538
