0 0.677885 0.411058 0.086538 0.096154
0 0.969952 0.282452 0.060096 0.137019
0 0.771635 0.248798 0.331731 0.064904
0 0.175481 0.242788 0.206731 0.091346
0 0.759615 0.810096 0.163462 0.062500
0 0.438702 0.806490 0.088942 0.055288
0 0.221154 0.676683 0.100962 0.074519
0 0.156250 0.746394 0.086538 0.045673
0 0.153846 0.808894 0.057692 0.055288
0 0.126202 0.889423 0.074519 0.076923
0 0.534856 0.885817 0.050481 0.069712
0 0.625000 0.889423 0.033654 0.076923
0 0.718750 0.581731 0.562500 0.048077
0 0.377404 0.402644 0.038462 0.093750
0 0.250000 0.454327 0.043269 0.067308
0 0.168269 0.453125 0.043269 0.074519
0 0.153846 0.592548 0.240385 0.040865
0 0.368990 0.662260 0.040865 0.064904
0 0.879808 0.741587 0.043269 0.069712
0 0.591346 0.751202 0.149038 0.045673
