0 0.557692 0.282452 0.086538 0.069712
0 0.780048 0.283654 0.084135 0.072115
0 0.105769 0.358173 0.076923 0.076923
0 0.268029 0.342548 0.213942 0.040865
0 0.600962 0.346154 0.269231 0.038462
0 0.147837 0.526442 0.146635 0.076923
0 0.170673 0.609375 0.072115 0.064904
0 0.693510 0.675481 0.146635 0.048077
0 0.754808 0.825721 0.091346 0.074519
0 0.528846 0.812500 0.096154 0.048077
0 0.963942 0.824519 0.057692 0.076923
0 0.969952 0.599760 0.060096 0.045673
0 0.031250 0.378606 0.057692 0.079327
0 0.039663 0.467548 0.064904 0.079327
0 0.606971 0.346154 0.247596 0.043269
0 0.724760 0.592548 0.194712 0.036058
0 0.893029 0.592548 0.074519 0.031250
0 0.963942 0.433894 0.067308 0.050481
0 0.911058 0.347356 0.173077 0.036058
0 0.545673 0.207933 0.057692 0.040865
0 0.173077 0.252404 0.091346 0.048077
0 0.139423 0.741587 0.100962 0.045673
