0 0.323317 0.403846 0.146635 0.120192
0 0.437500 0.509615 0.168269 0.076923
0 0.602163 0.295673 0.079327 0.100962
0 0.406250 0.188702 0.057692 0.093750
0 0.645433 0.197115 0.074519 0.096154
0 0.712740 0.304087 0.045673 0.103365
0 0.598558 0.689904 0.072115 0.076923
0 0.891827 0.709135 0.086538 0.052885
0 0.875000 0.778846 0.057692 0.076923
0 0.730769 0.693510 0.062500 0.093750
0 0.431490 0.692308 0.060096 0.086538
0 0.215144 0.695913 0.040865 0.088942
0 0.730769 0.599760 0.067308 0.088942
0 0.250000 0.796875 0.081731 0.055288
