0 0.221154 0.681490 0.067308 0.069712
0 0.319712 0.687500 0.091346 0.076923
0 0.503606 0.586538 0.055288 0.081731
0 0.608173 0.487981 0.081731 0.076923
0 0.252404 0.590144 0.091346 0.064904
0 0.031250 0.598558 0.057692 0.067308
0 0.19710 0.395433 0.052885 0.074519
0 0.468750 0.390625 0.062500 0.079327
0 0.948317 0.587740 0.060096 0.084135
0 0.959135 0.693510 0.052885 0.074519
0 0.443510 0.887019 0.069712 0.038462
0 0.917067 0.901442 0.112981 0.033654
0 0.060096 0.691106 0.028846 0.069712
0 0.020433 0.777644 0.031250 0.050481
0 0.099760 0.491587 0.036058 0.079327
