0 0.471154 0.481971 0.100962 0.079327
0 0.558894 0.373798 0.050481 0.050481
0 0.713942 0.576923 0.086538 0.076923
0 0.602163 0.471154 0.132212 0.052885
0 0.734375 0.481971 0.050481 0.064904
0 0.853365 0.481971 0.062500 0.079327
0 0.871394 0.576923 0.055288 0.072115
0 0.317308 0.580529 0.043269 0.074519
0 0.230769 0.570913 0.048077 0.064904
0 0.152644 0.659856 0.175481 0.079327
0 0.412260 0.555288 0.098558 0.038462
0 0.469952 0.304087 0.064904 0.064904
0 0.572115 0.302885 0.048077 0.057692
0 0.568510 0.750000 0.084135 0.086538
0 0.974760 0.751202 0.050481 0.074519
0 0.931490 0.669471 0.055288 0.074519
0 0.365385 0.360577 0.052885 0.048077
0 0.741587 0.382212 0.040865 0.076923
0 0.115385 0.463942 0.076923 0.052885
