0 0.131010 0.102163 0.247596 0.098558
0 0.403846 0.140625 0.105769 0.170673
0 0.709135 0.140625 0.307692 0.175481
0 0.947115 0.300481 0.100962 0.125000
0 0.205529 0.638221 0.074519 0.069712
0 0.242788 0.832933 0.048077 0.093750
0 0.381010 0.837740 0.055288 0.108173
0 0.730769 0.537260 0.043269 0.088942
0 0.876202 0.532452 0.045673 0.088942
0 0.806490 0.504808 0.088942 0.043269
0 0.508413 0.118990 0.079327 0.141827
0 0.939904 0.092548 0.120192 0.093750
0 0.478365 0.519231 0.067308 0.052885
0 0.567308 0.506010 0.091346 0.040865
0 0.210337 0.257212 0.079327 0.028846
0 0.045673 0.265625 0.076923 0.036058
