0 0.362981 0.421875 0.072115 0.074519
0 0.138221 0.419471 0.151442 0.074519
0 0.054087 0.509615 0.060096 0.072115
0 0.068510 0.780048 0.064904 0.060096
0 0.110577 0.868990 0.120192 0.064904
0 0.259615 0.876202 0.086538 0.060096
0 0.576923 0.694712 0.067308 0.072115
0 0.737981 0.421875 0.067308 0.074519
0 0.557692 0.423077 0.057692 0.057692
0 0.278846 0.692308 0.192308 0.062500
0 0.564904 0.780048 0.038462 0.079327
0 0.746394 0.692308 0.040865 0.062500
0 0.209135 0.320913 0.081731 0.079327
0 0.323317 0.306490 0.055288 0.055288
