0 0.069712 0.270433 0.048077 0.064904
0 0.230769 0.344952 0.447115 0.040865
0 0.524038 0.334135 0.125000 0.038462
0 0.128606 0.520433 0.252404 0.036058
0 0.348558 0.519231 0.067308 0.048077
0 0.584135 0.614183 0.048077 0.055288
0 0.408654 0.606971 0.302885 0.031250
0 0.760817 0.602163 0.137019 0.031250
0 0.729567 0.695913 0.079327 0.031250
0 0.366587 0.704327 0.242788 0.033654
0 0.542067 0.698317 0.088942 0.026442
0 0.111779 0.701923 0.132212 0.038462
0 0.814904 0.509615 0.057692 0.033654
0 0.206731 0.787260 0.052885 0.036058
0 0.199519 0.448317 0.028846 0.064904
0 0.506010 0.430288 0.545673 0.028846
0 0.045673 0.438702 0.076923 0.036058
