0 0.305288 0.543269 0.125000 0.091346
0 0.265625 0.657452 0.064904 0.084135
0 0.100962 0.590144 0.076923 0.098558
0 0.485577 0.299279 0.067308 0.064904
0 0.579327 0.280048 0.081731 0.040865
0 0.592548 0.424279 0.045673 0.098558
0 0.527644 0.084135 0.064904 0.062500
0 0.884615 0.075721 0.052885 0.069712
0 0.814904 0.188702 0.048077 0.093750
0 0.959135 0.201923 0.052885 0.072115
0 0.906250 0.550481 0.062500 0.076923
0 0.774038 0.768029 0.076923 0.084135
0 0.485577 0.872596 0.048077 0.081731
0 0.365385 0.871394 0.043269 0.074519
0 0.111779 0.707933 0.088942 0.064904
