0 0.455529 0.320913 0.084135 0.055288
0 0.456731 0.451923 0.206731 0.033654
0 0.554087 0.518029 0.127404 0.021635
0 0.281250 0.518029 0.259615 0.026442
0 0.501202 0.588942 0.036058 0.043269
0 0.712740 0.649038 0.060096 0.038462
0 0.275240 0.638221 0.050481 0.026442
0 0.122596 0.680288 0.019231 0.057692
0 0.557692 0.710337 0.576923 0.036058
0 0.156250 0.746394 0.028846 0.050481
0 0.687500 0.308894 0.033654 0.036058
0 0.890625 0.301683 0.040865 0.040865
0 0.957933 0.300481 0.079327 0.028846
0 0.306490 0.373798 0.329327 0.036058
0 0.582933 0.373798 0.088942 0.031250
0 0.078125 0.513221 0.137019 0.031250
0 0.929087 0.656250 0.132212 0.028846
