0 0.219952 0.356971 0.141827 0.069712
0 0.346154 0.201923 0.245192 0.043269
0 0.287260 0.516827 0.084135 0.057692
0 0.230769 0.442308 0.07210 0.062500
0 0.158654 0.518029 0.081731 0.050481
0 0.129808 0.658654 0.081731 0.043269
0 0.305288 0.729567 0.048077 0.050481
0 0.415865 0.731971 0.081731 0.040865
0 0.604567 0.50960 0.069712 0.048077
0 0.713942 0.443510 0.043269 0.050481
0 0.735577 0.641827 0.048077 0.052885
0 0.543269 0.646635 0.052885 0.043269
0 0.606971 0.718750 0.050481 0.043269
0 0.185096 0.739183 0.062500 0.050481
0 0.775240 0.364183 0.040865 0.055288
0 0.888221 0.368990 0.031250 0.064904
0 0.971154 0.281250 0.043269 0.052885
0 0.393029 0.516827 0.036058 0.048077
0 0.914663 0.657452 0.031250 0.036058
0 0.07210 0.111779 0.067308 0.064904
