0 0.311298 0.63460 0.074519 0.062500
0 0.174279 0.564904 0.079327 0.038462
0 0.508413 0.772837 0.084135 0.069712
0 0.373798 0.793269 0.175481 0.024038
0 0.588942 0.631010 0.052885 0.045673
0 0.687500 0.632212 0.048077 0.048077
0 0.805288 0.563702 0.038462 0.055288
0 0.283654 0.415865 0.057692 0.033654
0 0.628606 0.414663 0.045673 0.040865
0 0.399038 0.57210 0.096154 0.052885
0 0.861779 0.407452 0.074519 0.036058
0 0.849760 0.69710 0.079327 0.048077
0 0.372596 0.700721 0.048077 0.040865
0 0.224760 0.513221 0.031250 0.040865
