0 0.608173 0.399038 0.052885 0.091346
0 0.645433 0.501202 0.074519 0.060096
0 0.360577 0.496394 0.072115 0.055288
0 0.128606 0.296875 0.055288 0.074519
0 0.536058 0.163462 0.033654 0.115385
0 0.198317 0.135817 0.151442 0.074519
0 0.397837 0.122596 0.223558 0.057692
0 0.590144 0.146635 0.040865 0.067308
0 0.680288 0.147837 0.038462 0.069712
0 0.635817 0.134615 0.036058 0.052885
0 0.776442 0.123798 0.125000 0.036058
0 0.866587 0.143029 0.050481 0.079327
0 0.948317 0.132212 0.093750 0.057692
0 0.727163 0.283654 0.069712 0.033654
0 0.741587 0.858173 0.093750 0.067308
0 0.384615 0.662260 0.033654 0.064904
0 0.057692 0.438702 0.110577 0.036058
0 0.049279 0.305288 0.093750 0.038462
0 0.481971 0.277644 0.055288 0.021635
0 0.942308 0.480769 0.105769 0.048077
0 0.628606 0.570913 0.084135 0.036058
0 0.887019 0.789663 0.072115 0.045673
