0 0.258413 0.671875 0.112981 0.060096
0 0.419471 0.676683 0.060096 0.050481
0 0.510817 0.603365 0.141827 0.052885
0 0.804087 0.606971 0.237981 0.060096
0 0.443510 0.462740 0.112981 0.055288
0 0.721154 0.456731 0.067308 0.043269
0 0.438702 0.777644 0.132212 0.040865
0 0.473558 0.858173 0.100962 0.062500
0 0.750000 0.724760 0.07210 0.031250
0 0.622596 0.723558 0.129808 0.038462
0 0.889423 0.724760 0.100962 0.031250
0 0.908654 0.667067 0.062500 0.050481
0 0.692308 0.532452 0.052885 0.050481
0 0.216346 0.781250 0.144231 0.038462
0 0.159856 0.860577 0.040865 0.062500
0 0.762019 0.668269 0.057692 0.048077
