0 0.048077 0.215144 0.091346 0.098558
0 0.052885 0.306490 0.100962 0.045673
0 0.162260 0.331731 0.108173 0.100962
0 0.024038 0.439904 0.043269 0.096154
0 0.512019 0.405048 0.187500 0.069712
0 0.447115 0.481971 0.067308 0.060096
0 0.570913 0.479567 0.069712 0.064904
0 0.933894 0.403846 0.069712 0.062500
0 0.307692 0.557692 0.168269 0.067308
0 0.467548 0.560096 0.055288 0.076923
0 0.963942 0.564904 0.072115 0.076923
0 0.618990 0.646635 0.257212 0.076923
0 0.167067 0.640625 0.108173 0.084135
0 0.290865 0.753606 0.091346 0.117788
0 0.742788 0.756010 0.288462 0.117788
0 0.045673 0.739183 0.081731 0.088942
0 0.165865 0.745192 0.033654 0.091346
0 0.197115 0.855769 0.067308 0.096154
0 0.537260 0.223558 0.055288 0.105769
0 0.469952 0.715144 0.242788 0.040865
