0 0.562500 0.182692 0.057692 0.129808
0 0.394231 0.365385 0.038462 0.086538
0 0.401442 0.459135 0.062500 0.081731
0 0.164663 0.531250 0.069712 0.043269
0 0.181490 0.593750 0.088942 0.057692
0 0.031250 0.590144 0.048077 0.079327
0 0.165865 0.717548 0.182692 0.060096
0 0.889423 0.361779 0.096154 0.098558
0 0.811298 0.459135 0.045673 0.086538
0 0.951923 0.582933 0.091346 0.055288
0 0.981971 0.640625 0.036058 0.050481
0 0.836538 0.724760 0.043269 0.060096
0 0.545673 0.572115 0.072115 0.033654
0 0.804087 0.155048 0.391827 0.055288
0 0.402644 0.152644 0.252404 0.055288
0 0.094952 0.438702 0.088942 0.050481
0 0.617788 0.353365 0.096154 0.062500
0 0.185096 0.150240 0.177885 0.045673
0 0.974760 0.457933 0.050481 0.084135
0 0.897837 0.786058 0.045673 0.048077
0 0.143029 0.647837 0.151442 0.036058
