0 0.192308 0.252404 0.100962 0.067308
0 0.320913 0.335337 0.257212 0.050481
0 0.876202 0.334135 0.247596 0.038462
0 0.618990 0.433894 0.161058 0.045673
0 0.675481 0.485577 0.052885 0.038462
0 0.679087 0.560096 0.055288 0.067308
0 0.453125 0.555288 0.055288 0.057692
0 0.545673 0.729567 0.076923 0.093750
0 0.427885 0.694712 0.144231 0.033654
0 0.102163 0.426683 0.122596 0.045673
0 0.233173 0.632212 0.048077 0.062500
0 0.979567 0.748798 0.040865 0.079327
0 0.746394 0.430288 0.064904 0.038462
0 0.233173 0.427885 0.057692 0.033654
